LDA_IMM:16 25|24 28 27|26 19 17|16 25|24 28 27|26 0 17 31
LDB_IMM:16 25|24 28 27|26 19 17|16 25|24 28 27|26 1 17 31
LDC_IMM:16 25|24 28 27|26 19 17|16 25|24 28 27|26 2 17 31
LDD_IMM:16 25|24 28 27|26 19 17|16 25|24 28 27|26 3 17 31

LDA_DIR:16 25|24 28 27|26 19 17|16 25|24 28 27|26 21|20 25|24 28 27|26 0 17 31
LDB_DIR:16 25|24 28 27|26 19 17|16 25|24 28 27|26 21|20 25|24 28 27|26 1 17 31
LDC_DIR:16 25|24 28 27|26 19 17|16 25|24 28 27|26 21|20 25|24 28 27|26 2 17 31
LDD_DIR:16 25|24 28 27|26 19 17|16 25|24 28 27|26 21|20 25|24 28 27|26 3 17 31

LDA_IND:16 25|24 28 27|26 19 17|16 25|24 28 27|26 21|20 25|24 28 27|26 21|20 25|25 28 27|26 0 17 31
LDB_IND:16 25|24 28 27|26 19 17|16 25|24 28 27|26 21|20 25|24 28 27|26 21|20 25|25 28 27|26 1 17 31
LDC_IND:16 25|24 28 27|26 19 17|16 25|24 28 27|26 21|20 25|24 28 27|26 21|20 25|25 28 27|26 2 17 31
LDD_IND:16 25|24 28 27|26 19 17|16 25|24 28 27|26 21|20 25|24 28 27|26 21|20 25|25 28 27|26 3 17 31


ZEROA:16 25|24 28 27|26 19 17|8 11|10 0 31
MVA_B:16 25|24 28 27|26 19 17|8 11|10 0 31
MVA_C:16 25|24 28 27|26 19 17|8 11|10 0 31
MVA_D:16 25|24 28 27|26 19 17|8 11|10 0 31

ZEROB:16 25|24 28 27|26 19 17|8 11|10 1 31
MVB_A:16 25|24 28 27|26 19 17|8 11|10 1 31
MVB_C:16 25|24 28 27|26 19 17|8 11|10 1 31
MVB_D:16 25|24 28 27|26 19 17|8 11|10 1 31

ZEROC:16 25|24 28 27|26 19 17|8 11|10 2 31
MVC_A:16 25|24 28 27|26 19 17|8 11|10 2 31
MVC_B:16 25|24 28 27|26 19 17|8 11|10 2 31
MVC_D:16 25|24 28 27|26 19 17|8 11|10 2 31

ZEROD:16 25|24 28 27|26 19 17|8 11|10 3 31
MVD_A:16 25|24 28 27|26 19 17|8 11|10 3 31
MVD_B:16 25|24 28 27|26 19 17|8 11|10 3 31
MVD_C:16 25|24 28 27|26 19 17|8 11|10 3 31


ADDA_IMM:16 25|24 28 27|26 19 17|16 25|24 28 27|26 4 17|8 11|10 0 31
ADDA_B:16 25|24 28 27|26 19 17|8 11|10 0 31
ADDA_C:16 25|24 28 27|26 19 17|8 11|10 0 31
ADDA_D:16 25|24 28 27|26 19 17|8 11|10 0 31

ADDB_IMM:16 25|24 28 27|26 19 17|16 25|24 28 27|26 4 17|8 11|10 1 31
ADDB_B:16 25|24 28 27|26 19 17|8 11|10 1 31
ADDB_C:16 25|24 28 27|26 19 17|8 11|10 1 31
ADDB_D:16 25|24 28 27|26 19 17|8 11|10 1 31

ADDC_IMM:16 25|24 28 27|26 19 17|16 25|24 28 27|26 4 17|8 11|10 2 31
ADDC_B:16 25|24 28 27|26 19 17|8 11|10 2 31
ADDC_C:16 25|24 28 27|26 19 17|8 11|10 2 31
ADDC_D:16 25|24 28 27|26 19 17|8 11|10 2 31

ADDD_IMM:16 25|24 28 27|26 19 17|16 25|24 28 27|26 4 17|8 11|10 3 31
ADDD_B:16 25|24 28 27|26 19 17|8 11|10 3 31
ADDD_C:16 25|24 28 27|26 19 17|8 11|10 3 31
ADDD_D:16 25|24 28 27|26 19 17|8 11|10 3 31


SUBA_IMM:16 25|24 28 27|26 19 17|16 25|24 28 27|26 4 17|8 11|10 0 31
SUBA_B:16 25|24 28 27|26 19 17|8 11|10 0 31
SUBA_C:16 25|24 28 27|26 19 17|8 11|10 0 31
SUBA_D:16 25|24 28 27|26 19 17|8 11|10 0 31

SUBB_IMM:16 25|24 28 27|26 19 17|16 25|24 28 27|26 4 17|8 11|10 1 31
SUBB_A:16 25|24 28 27|26 19 17|8 11|10 1 31
SUBB_C:16 25|24 28 27|26 19 17|8 11|10 1 31
SUBB_D:16 25|24 28 27|26 19 17|8 11|10 1 31

SUBC_IMM:16 25|24 28 27|26 19 17|16 25|24 28 27|26 4 17|8 11|10 2 31
SUBC_A:16 25|24 28 27|26 19 17|8 11|10 2 31
SUBC_B:16 25|24 28 27|26 19 17|8 11|10 2 31
SUBC_D:16 25|24 28 27|26 19 17|8 11|10 2 31

SUBD_IMM:16 25|24 28 27|26 19 17|16 25|24 28 27|26 4 17|8 11|10 3 31
SUBD_A:16 25|24 28 27|26 19 17|8 11|10 3 31
SUBD_B:16 25|24 28 27|26 19 17|8 11|10 3 31
SUBD_C:16 25|24 28 27|26 19 17|8 11|10 3 31


MULA_IMM:16 25|24 28 27|26 19 17|16 25|24 28 27|26 4 17|8 11|10 0 31|9 11|10 1 31
MULA_B:16 25|24 28 27|26 19 17|8 11|10 0 31|9 11|10 1 31
MULA_C:16 25|24 28 27|26 19 17|8 11|10 0 31|9 11|10 2 31
MULA_D:16 25|24 28 27|26 19 17|8 11|10 0 31|9 11|10 3 31

MULB_IMM:16 25|24 28 27|26 19 17|16 25|24 28 27|26 4 17|8 11|10 1 31|9 11|10 0 31
MULB_A:16 25|24 28 27|26 19 17|8 11|10 1 31|9 11|10 0 31
MULB_C:16 25|24 28 27|26 19 17|8 11|10 1 31|9 11|10 2 31
MULB_D:16 25|24 28 27|26 19 17|8 11|10 1 31|9 11|10 3 31

MULC_IMM:16 25|24 28 27|26 19 17|16 25|24 28 27|26 4 17|8 11|10 2 31|9 11|10 0 31
MULC_A:16 25|24 28 27|26 19 17|8 11|10 2 31|9 11|10 0 31
MULC_B:16 25|24 28 27|26 19 17|8 11|10 2 31|9 11|10 1 31
MULC_D:16 25|24 28 27|26 19 17|8 11|10 2 31|9 11|10 3 31

MULD_IMM:16 25|24 28 27|26 19 17|16 25|24 28 27|26 4 17|8 11|10 3 31|9 11|10 0 31
MULD_A:16 25|24 28 27|26 19 17|8 11|10 3 31|9 11|10 0 31
MULD_B:16 25|24 28 27|26 19 17|8 11|10 3 31|9 11|10 1 31
MULD_C:16 25|24 28 27|26 19 17|8 11|10 3 31|9 11|10 2 31


DIVA_IMM:16 25|24 28 27|26 19 17|16 25|24 28 27|26 4 17|8 11|10 0 31|9 11|10 1 31
DIVA_B:16 25|24 28 27|26 19 17|8 11|10 0 31|9 11|10 1 31
DIVA_C:16 25|24 28 27|26 19 17|8 11|10 0 31|9 11|10 2 31
DIVA_D:16 25|24 28 27|26 19 17|8 11|10 0 31|9 11|10 3 31

DIVB_IMM:16 25|24 28 27|26 19 17|16 25|24 28 27|26 4 17|8 11|10 1 31|9 11|10 0 31
DIVB_A:16 25|24 28 27|26 19 17|8 11|10 1 31|9 11|10 0 31
DIVB_C:16 25|24 28 27|26 19 17|8 11|10 1 31|9 11|10 2 31
DIVB_D:16 25|24 28 27|26 19 17|8 11|10 1 31|9 11|10 3 31

DIVC_IMM:16 25|24 28 27|26 19 17|16 25|24 28 27|26 4 17|8 11|10 2 31|9 11|10 0 31
DIVC_A:16 25|24 28 27|26 19 17|8 11|10 2 31|9 11|10 0 31
DIVC_B:16 25|24 28 27|26 19 17|8 11|10 2 31|9 11|10 1 31
DIVC_D:16 25|24 28 27|26 19 17|8 11|10 2 31|9 11|10 3 31

DIVD_IMM:16 25|24 28 27|26 19 17|16 25|24 28 27|26 4 17|8 11|10 3 31|9 11|10 0 31
DIVD_A:16 25|24 28 27|26 19 17|8 11|10 3 31|9 11|10 0 31
DIVD_B:16 25|24 28 27|26 19 17|8 11|10 3 31|9 11|10 1 31
DIVD_C:16 25|24 28 27|26 19 17|8 11|10 3 31|9 11|10 2 31









